<?xml version="1.0"?>
<opencv_storage>
<light_point type_id="opencv-matrix">
  <rows>3</rows>
  <cols>1</cols>
  <dt>d</dt>
  <data>
    -1.1970331912094254e+01 -2.1809458948113587e+01
    -2.8376359257487151e+00</data></light_point>
</opencv_storage>
