<?xml version="1.0"?>
<opencv_storage>
<R type_id="opencv-matrix">
  <rows>3</rows>
  <cols>3</cols>
  <dt>f</dt>
  <data>
    3.10722142e-02 9.99022007e-01 3.14567462e-02 6.86685264e-01
    1.53224776e-03 -7.26953208e-01 -7.26290464e-01 4.41889279e-02
    -6.85966134e-01</data></R>
</opencv_storage>
