<?xml version="1.0"?>
<opencv_storage>
<light_point type_id="opencv-matrix">
  <rows>3</rows>
  <cols>1</cols>
  <dt>d</dt>
  <data>
    -1.1469302283388965e+01 -1.3191778911387109e+01
    7.1179877736551207e+00</data></light_point>
</opencv_storage>
