<?xml version="1.0"?>
<opencv_storage>
<R type_id="opencv-matrix">
  <rows>3</rows>
  <cols>3</cols>
  <dt>f</dt>
  <data>
    -2.53868159e-02 9.96632636e-01 -7.79670030e-02 6.28615201e-01
    -4.47279364e-02 -7.76429236e-01 -7.77302027e-01 -6.87223151e-02
    -6.25362933e-01</data></R>
</opencv_storage>
