<?xml version="1.0"?>
<opencv_storage>
<shadow_points type_id="opencv-matrix">
  <rows>8</rows>
  <cols>2</cols>
  <dt>i</dt>
  <data>
    153 310 425 350 201 362 511 429 271 254 573 263 212 151 450 122</data></shadow_points>
</opencv_storage>
